00100000000000010000000000001010
00100000000000100000000000010100
00000000001000100001100000100000
00000000010000010010000000100010
00110000011001010000000000001111
00110100100001100000000000001111
00000000000000110011100010000000
00000000001000100100000000101010
00111100000010010000000000000001
10101100000000110000000000000000
10001100000010100000000000000000
00010000001000010000000000000010
00100000000010110000000001100011
00100000000010110000000001100011
00010100001000100000000000000001
00100000000011000000000001001101
00100000000011010000000000110111
00000000010000010111000000100010
00000000001000100111100000100110
00000000001000101000000000100111
00000000001000101000100000101011
00111000001100100000000011111111
00101000001100110000000000010100
00101100001101000000000000000101
00000000000000111010100010000010
00100000000101101111111111111000
00000000000101101011100001000011
00100000000110000000000000000010
00000011000000111100100000000100
00000011000000111101000000000110
00000011000101101101100000000111
00100000000111000000000010001100
00000011100000000000000000001000
00100000000111010000000001101111
00100000000111010000000011011110
00100000000111100000000001001101
00001100000000000000000000100110
00100000000111010000001111100111
00100000000111010000000000100001
00001000000000000000000000101001
00100000000111010001010110110011
00100000000111010000000000101100
